0.0 0.570303712036 0.323959505062 0.597300337458 0.470191226097 0.482564679415 0.323959505062 0.466816647919 0.316085489314 
0.570303712036 0.0 0.59392575928 0.492688413948 0.625421822272 0.637795275591 0.638920134983 0.298087739033 0.473565804274 
0.323959505062 0.59392575928 0.0 0.626546681665 0.318335208099 0.313835770529 0.488188976378 0.539932508436 0.470191226097 
0.597300337458 0.492688413948 0.626546681665 0.0 0.647919010124 0.678290213723 0.631046119235 0.307086614173 0.473565804274 
0.470191226097 0.625421822272 0.318335208099 0.647919010124 0.0 0.483689538808 0.587176602925 0.584926884139 0.541057367829 
0.482564679415 0.637795275591 0.313835770529 0.678290213723 0.483689538808 0.0 0.574803149606 0.619797525309 0.570303712036 
0.323959505062 0.638920134983 0.488188976378 0.631046119235 0.587176602925 0.574803149606 0.0 0.579302587177 0.500562429696 
0.466816647919 0.298087739033 0.539932508436 0.307086614173 0.584926884139 0.619797525309 0.579302587177 0.0 0.291338582677 
0.316085489314 0.473565804274 0.470191226097 0.473565804274 0.541057367829 0.570303712036 0.500562429696 0.291338582677 0.0 
